1.74 .06984 16 5293.24 5659.74 4220.48 1384.24 1485.81 1069.11 43690 45489 40863 1 4 1 1
8.16 .76228 39 9219.37 10663.2 5043.75 14668.9 17445.6 3641.56 50886 53970 46003 4 39 1 1
1.22 .37149 62 9738.02 10323.6 5768.9 7213.97 7724.89 4111.61 51143 51143 42919 1 3 2 3
1.41 .34845 52 11222.1 12435.7 6202.57 7869.01 8831.02 3735.41 50372 52685 41891 2 3 1 2
.99 .37473 44 10601.8 11707.5 5825.15 8039.7 8954.32 4370.69 53970 50629 42148 1 7 3 4
.95 .28798 36 13170.6 14892.8 7449.71 8207.49 9347.19 4404.35 56797 54741 46774 2 10 3 1
1.12 .27838 26 11183.3 10951.8 8911.43 6706.82 6576.04 5242.09 63479 56026 52942 2 2 2 41
1.32 .51596 71 8339.73 9941.37 4799.1 8354.74 10080.6 4609.35 44718 44975 34695 4 1 1028 4
1.14 .34234 53 10055.4 10976.8 6970.82 7138.18 7827.2 4926.65 53456 54998 47802 6 1 2 4
1.47 .37081 50 8148.79 8457.85 5589.42 6101.52 6377.17 4148.94 57054 50629 41634 2 1 1 21
1.81 .35501 47 8859.18 10353.8 5374.6 6149.29 7421.47 3428.56 46260 41120 35980 2 2 1 3
1.46 .39020 33 9041.71 10007.8 5667.13 6980.38 7802.41 4178.71 43433 43947 33153 8 2 5 86
1.33 .28848 36 10700.9 12076.4 5626.46 6605.43 7544.45 3319.22 56283 51914 36494 8 2 2 153
1.14 .35997 36 10461 11902.4 6557.95 7504.03 8679.5 4517.63 51657 53199 43947 46 2 2 1
1.28 .23923 26 11637.8 11875.1 5422.32 6286.09 6483.57 2233.91 57054 51400 41120 2 1 2 5
1.15 .42413 40 10210.2 11290 5547.06 8462.77 9435.37 4335.2 64250 56026 43947 1 7 2 1
1.04 .28033 32 8242.74 9161.2 5311.02 5026.45 5624.37 3114.27 40606 40863 32639 2 5 2 1
1.56 .41293 20 13734.1 15112.8 8117.62 10717.6 12106.1 5879.73 65278 59110 52942 2 3 2 135
1.93 .31260 3 9521.47 10740.1 6819.53 5492.18 6506.73 3600.71 53456 53970 43176 2 1 1 1
2.11 .58310 71 9844.55 11116.3 6516.88 11297.4 12869.3 7269.74 47031 48316 39321 13 10 2 1
1.75 .47062 48 8753.05 9947.2 5420.86 8008.89 9191.01 4660.25 40092 38293 30840 23 1 1 2
1.86 .57872 65 9941.73 11184.6 5885.4 9588.64 11735.2 4086.57 64250 57825 48573 2 6 1 3
2.48 .57538 90 11441.6 12735.5 7687.8 12914.3 14518 8315.46 51143 50115 36237 30 4 1 2
1.68 .64421 68 9686.89 10439.8 5722.27 11253 12874.9 4935.5 49344 44718 41634 7 36 2 1
1.54 .59215 120 9092.19 9669.83 5776.72 10152.3 11047.8 5865.82 50629 45746 36237 11 50 2 1
2.12 .58342 55 8476.3 10519.7 4720.65 9581.75 12146.2 4866.89 58853 57825 57311 12 12 2 1
1.73 .50640 67 12837.4 14256.7 7545.08 11559.8 13564.4 4280.53 59367 58339 52942 6 13 2 2
1.68 .44345 55 10007.9 11024.3 6949.34 8189.37 9357.99 4939.51 49087 46260 38293 3 2 18 1
1.70 .54881 86 8683.9 9685.09 5062.38 9374.03 10535.7 5285.07 53456 55255 46517 11 51 2 1
1.80 .67172 62 9372.1 10490.2 5676.46 12577.6 14272.1 6455.99 49344 49087 38036 1 18 2 1
2.09 .57253 65 9647.39 10610.7 5618.57 10955.4 12104.1 6093.57 47802 48573 43690 9 10 2 2
1.25 .29962 26 8673.96 9405.44 5654.39 5589.61 6078.88 3552.18 48573 50629 40092 2 1 5 1
1.11 .37620 45 8954.03 10400.7 5480.89 6624.08 7828.51 3727.62 52942 51657 50115 1 1 3 13
1.02 .34367 37 10792 11353.3 7634.18 7429.34 7897.09 4992.08 56283 54227 44204 2 2 3 2
1.13 .40089 35 9756.12 10211.4 7491.94 7682.32 8105.94 5784.75 53970 48830 42405 2 4 2 3
2.25 .58182 74 10800 12298.2 7711.43 12423.8 14269.1 8653.36 62708 63222 60395 9 9 2 1
1.76 .49478 92 15040 16954.5 6186.55 14752.2 16648.7 5795.76 50372 53199 36494 4 42 2 1
1.95 .50369 78 13157 14754.3 7283.88 12964.3 14634 6870.56 55512 52942 39578 6 17 2 1
1.47 .56705 111 8417.64 9154.11 5638.48 9248.32 10147.7 5814.38 54741 53199 45489 3 49 2 1
1.95 .54066 128 12901.5 14846.9 5716.35 13886.1 15993.4 5944.76 45232 48316 33667 5 50 2 1
1.45 .55924 84 8972.7 10534.2 5311.04 9862.73 11696.2 5831.38 58596 56026 47288 28 7 1 48
1.25 .57071 96 8341.97 9592.9 5459.49 9125.62 10648.7 5668.37 48316 50629 42662 15 13 3 299
4.06 .64507 27 15115 15040.5 6395.16 18627.6 18794.3 5416.97 48573 47031 36494 7 21 1 1
1.24 .17206 12 8764.47 9810.01 4933.43 3786.57 4251.69 1973.1 54741 52428 43176 2 205 3 1
1.61 .60353 76 11215.9 12514.2 8607.37 12075.1 14476 7558.65 48573 45232 42919 21 2 138 2
2.27 .58036 87 11282.2 12433.3 6007.54 12793.5 14240 6461.63 53199 50372 43176 17 11 2 2
1.46 .55743 47 8215.53 9660.1 4271.01 9011.83 10669.4 4290.68 40863 43433 30583 2 4 10 1
1.96 .56455 95 13436 15082.6 7573.93 14923.4 16883 7860.9 53970 53970 44204 13 26 2 2
2.23 .49516 78 12268.1 14334.3 8096.06 11514.5 13822.5 7105.44 60909 59881 50372 7 9 1 2
1.43 .66467 130 12456.6 13677.9 7329.55 16401.6 18522.1 7096.87 55769 52428 46517 19 17 472 236
1.70 .57422 79 9964.57 10740.6 6933.43 10915.6 11938.9 6960.77 53970 50372 38293 9 10 2 11
1.63 .55105 39 8032.06 8747.23 5421.72 8234.04 9137.17 4662.76 44718 45489 40092 51 6 1 2
1.56 .33852 40 15760.1 17294.6 5027.9 11108.5 12208.4 2667.97 52942 53456 42662 2 2 1 2
1.48 .53931 87 10603.7 11663.4 4772.9 10868.7 12089.3 2537.3 48830 50115 40092 7 8 1 6
1.49 .46893 61 9598.56 9811.86 6826.46 8494.74 8757.17 5626.69 54741 52428 48059 4 11 2 2
1.93 .50955 66 9378.44 10504 5880.47 8658.69 10037.4 4526.17 54227 53456 46260 7 7 1 2
2.52 .51853 18 13222.3 13282.7 7435.03 12474.3 12799.8 6389.3 56026 53456 45232 4 2 5 1
2.39 .61427 88 11469.5 12597 7664.86 13973.3 15553.8 9120.26 59881 60395 50886 11 25 1 2
2.59 .51069 64 9903.07 10661.1 6891.58 8749.39 9830.84 4607.86 52685 53456 46517 11 6 1 2
1.30 .52120 56 9734.29 11119.6 5717.28 9744.94 11251.6 5484.4 53199 51657 43433 3 4 1 3
1.17 .34438 76 10467.5 12537.5 6730.15 7310.51 8923.18 4434.26 55512 53199 48830 14 1 1 1
1.35 .34547 44 10021.5 10834.9 7100.28 6718.63 7469.89 4713.19 65021 60138 49344 95 4 3 37
1.66 .40468 29 12686.9 14077.3 7234.54 10098.1 11322.7 5361.97 62194 55255 46774 2 1 1 45
1.72 .31862 28 10308.5 11383.8 5715.32 6959.42 7699.15 3794.39 60909 58853 46260 1 2 2 1
1.53 .39317 29 12512.6 13819.9 6981.17 9754.14 10842.2 4777.06 51143 53970 40092 2 6 1042 1
1.10 .37341 78 11724.5 13552.3 5245.63 8907.38 10333.4 3808 51400 50629 41634 2 1 1 22
6.04 .32203 9 11566.7 12206.4 7133.45 7411 7914.37 4043.9 58596 56797 48059 1 3 1 1
1.19 .27604 10 9099.42 9777.9 5752.67 5403.7 5859.83 3300.2 56026 53970 43433 4 5 1051 2
2.10 .60577 103 9836.21 11060 5311.07 12045 13589.8 6369.75 50886 51143 36237 7 29 2 1
1.35 .59049 40 6443.31 9000.93 4281.62 5564.96 9772.24 2162.78 56540 57568 51657 8 7 1 30
1.60 .40437 32 9646.33 10662.9 5698.55 7496.63 8399.11 3992.46 56797 58339 48573 3 2 6 2
2.09 .35057 19 10863.8 12278.5 6933.23 7627 8762.37 4657.85 59367 55512 50629 2 1 1 3
1.54 .45089 27 10983.8 12267.3 7099.97 9486.78 10790.4 5856.15 49087 46003 37265 2 2 1 11
12.88 .29545 10 10456.9 11732.2 6401.08 6491.45 7361.21 3771.11 57054 48573 40606 13 1 1 1
1.19 .29499 30 9538.2 11049.2 6388.2 5653.74 6819.91 3476.67 55255 55769 49858 4 3 2 3
1.15 .33653 59 10600.6 12923.5 5555.9 7358.37 9079.18 3466.1 46003 48316 39321 1 4 3 14
2.97 .46613 59 9229.94 10851.3 5178.33 7900.27 9709.75 3795.55 51400 52685 42148 7 6 2 2
2.23 .53752 96 11506.2 12673.7 5533.71 11922.9 13290.2 4325.95 56540 58853 44204 540 4 1 2
1.71 .63901 124 9167.44 10332.7 5928.07 11194.5 13120.8 6462.75 43433 46517 35466 2 8 1 3
2.71 .59416 15 10325.2 10364.1 8554.22 8492.92 9693.14 5688.52 54484 51657 50629 175 6 1 2
2.05 .56089 86 11341.5 13814.8 6289.33 11629.5 14787.4 5272.79 55255 51143 39321 489 4 1 3
1.84 .64405 90 9022.15 10152.2 4921.98 10559.9 12625.6 4384.92 45746 45232 38036 511 4 1 3
2.56 .56545 72 12368.4 13598.2 5725.3 13690.6 15209.3 5749.84 51914 51143 42662 2 4 1 3
2.19 .60661 115 11853 13201.5 7417.14 14437.4 16176.9 8861.49 61937 59624 49087 50 6 1 2
3.08 .65219 82 8865.14 10733.6 5775.7 11020.7 13929.2 6673.71 50372 51657 39064 332 19 1 1
1.76 .55780 88 9439.39 10636.2 5636.39 9777 11458.8 5385.26 55512 48316 44975 23 4 1 2
1.76 .58035 104 13821.2 16223.5 4879.39 15980 18900.8 4056.56 54484 51143 37779 16 11 2 1
1.74 .66827 122 9339.97 10643.2 5468.85 12688.3 14693.8 6220.09 46517 45232 34181 19 19 1 2
3.17 .52447 53 10731.9 11335.9 7300.27 10736 11440.4 7118.94 51914 50629 43176 31 4 1 1
2.74 .46312 66 11021.4 12192.1 7089.43 9903.07 11062.9 5924.55 56283 58082 45489 219 4 1 2
2.27 .57498 77 12231.8 13442.4 6678.43 13468.5 15026.1 4734.14 50115 51400 40349 29 9 1 2
8.12 .76824 42 11799.6 13644.8 7769.48 19934.4 23784.4 9948.73 52685 53199 47031 7 8 1 1
2.29 .49496 65 8636.37 9903.59 5580.04 7454.85 9055.73 4280.07 51143 49601 45489 15 2 1 2
1.60 .64838 105 9436.51 10297.1 6183.27 11777.4 13147.9 6455.03 59881 59881 50629 6 53 2 1
2.07 .57293 106 9848.9 11475.6 4959.7 11066.4 12979.1 4599.21 45489 46260 36751 37 4 1 2
2.20 .58740 47 10904.6 12584.6 5805.61 12812.4 14837.6 6472.09 56283 56026 45232 7 15 2 1
1.41 .36470 82 8343.58 9384.43 4432.43 6052.45 6924.16 2994.41 58853 58339 52428 39 1 1 4
1.69 .48212 85 12917.3 13640 8825.09 11793.4 12690.7 7709.75 62194 58082 48830 12 11 1 16
1.57 .30010 29 9906.62 11049.3 4848.08 6145.95 6937.31 2425.57 48059 47288 37779 1 1 1 5
3.75 .18509 6 14299 14869.4 10763.8 6312.01 6613.52 3757.06 59624 58596 55255 1 5 1 1
3.71 .13848 6 10035.1 10884.6 6631.21 3754.98 4125.23 2070.44 58339 60138 49601 1 4 1 1
4.54 .20648 11 9691.54 10788.9 4646.01 4740.93 5351.31 1955.54 61166 54998 52428 1 8 1 1
6.14 .22244 11 16884.6 16346.4 11069.3 8518.29 8282.1 5287.94 62965 61423 51657 1 3 1 1
9.58 .24860 7 16378.9 16474.3 12277.1 8993.07 9077.39 6656.43 65535 56797 51400 2 4 1 1
1.14 .41738 65 11959.2 12468.4 6003.55 9952.9 10407.6 4692.81 43947 41377 30326 2 7 4 4
1.15 .50854 92 11922.3 13487.4 5739.35 11764.6 13447.4 5267.91 64507 63736 52685 20 52 4 7
1.63 .35479 54 9521.71 10545.5 6048.64 6523.87 7429.41 3702.64 51143 50372 45489 7 2 2 1
1.50 .48432 78 13850.9 15987.4 5683.75 13254.1 15357.6 5265.01 52685 54741 37265 6 10 2 1
1.34 .50502 87 9882.2 10541.6 7141.05 9331 10051.4 6682.59 58853 59110 53970 38 6 1 17
2.78 .53307 90 10746 12220 4766.13 11032.9 12673.3 3564.08 54227 54227 40092 21 6 1 2
2.37 .50382 48 8809.04 9582.6 5913.57 8561.94 9408.08 5452.26 53970 47288 33410 26 4 1 2
3.14 .58124 69 10995.9 12122.3 8459.92 11535 13370 7736.45 54741 56283 49087 9 15 1 1
2.50 .48715 46 10036.6 10506.6 4835.32 9689.76 10155.5 4363.83 33924 32382 26214 9 3 1 1
3.03 .54406 55 10463.3 11633.2 6768.93 10183.6 11760.3 5752.69 49344 49344 39578 8 11 1 1
2.05 .56208 102 9960.69 10753.7 6033.44 11059.9 11968.9 6217.88 51657 51143 44718 69 6 1 2
1.97 .52316 50 9672.89 11219.5 4813.23 9779.35 11463.3 4564.85 47545 41120 32639 25 5 1 2
10.25 .63218 29 9562.7 11218.7 3727.8 12016.8 14112.6 3842.09 35209 39321 25443 2 101 1 1
.99 .31671 49 9641.51 10470.4 6208.11 6337.21 6922.45 3939.58 50886 52685 40863 2 7 2 1
1.41 .54530 65 12498.8 13343.8 9814.44 11411.4 13014 7403.08 54227 53970 48573 146 5 4 2
3.97 .40715 4 7477.86 7858.93 4972.85 5123.99 5804.02 3130.72 51400 45489 43176 5 4 1 1
1.65 .44407 48 10593.7 11543.1 8094.07 8844.23 9848.23 6648.62 58853 53456 46774 1 2 9 2
2.20 .52874 83 8685.43 9977.64 3342.4 8897.81 10315.3 2168.68 39064 41377 30069 7 4 1 2
1.58 .28133 47 7977.43 8816.68 4579.82 4705.84 5298.59 2368.65 47288 47288 40606 1 4 4 1
1.53 .27068 27 10656.2 11116.3 8056.67 5697.06 6216.44 3883.72 65278 57311 46260 1 3 4 2
1.97 .25581 23 8511.89 8752.48 6025.43 4617.25 4847.49 3066.28 54227 52942 47802 2 3 2 1
3.84 .62537 41 9657.99 10230.1 6663.65 10482 11607.8 5677.3 60909 56797 43690 27 24 1 1
1.63 .43313 18 6914.81 7369.3 4789.44 5316.24 5945.01 3554.04 48573 43176 38293 2 2 1 4
1.63 .64143 88 9652.7 9989.36 6809.06 11311.6 12120.9 6781.83 55512 52942 46003 1 4 1 838
1.86 .58217 91 9739.68 11589 5437.23 11091.9 13427.4 5722.36 56283 49601 44975 12 6 2 1
1.81 .49193 68 7577.02 8550.2 5220.49 6701.07 7948.6 4295.66 53456 47031 36751 1 5 1 1
3.22 .46135 11 6555.03 7023.43 4423.59 5390.81 5967.67 3360.12 50372 47288 38293 10 4 1 1
2.44 .60758 75 10424.8 11011.3 7963.13 11050.4 12186.3 6819.34 57825 57568 52942 1 4 1 5
1.22 .24483 34 7108.75 8118.28 3717.2 3871.29 4485.82 1787.32 49858 51657 46260 2 2 4 6
5.22 .63128 47 11756.5 12837.3 8128.23 12559.5 14894.7 6270.52 61680 54227 46774 6 23 1 1
1.89 .54690 50 9819.28 10699.6 6954.2 9839.37 11046.3 6451.69 54998 51143 42148 1 3 1 3
1.63 .34261 16 10180.6 10598.7 8228.61 6350.72 6917.16 4825.07 65535 58339 46774 2 2 1 191
1.75 .42874 52 8922.84 10038.3 4024.42 7534.27 8532.38 3145.73 42405 43947 35466 13 2 1 2
1.44 .43573 14 9397.13 10097.5 6950.36 6894.49 7919.44 4321.9 64764 57054 55255 3 2 12 129
1.43 .39386 13 10856.7 11423.7 8638.14 6928.27 7997.99 4905.8 65535 64250 53199 2 7 6 1
2.61 .55007 6 9860.28 11389.9 7768.21 7509.87 10274.7 4375.32 60909 61937 56797 2 2 1 3
2.78 .41374 18 9153.8 10564.3 4494.77 7513.54 8701.4 3526.18 48830 50372 34952 410 2 1 3
9.88 .58267 31 11692.7 12591.4 6719.74 12992.3 14313.5 6402.62 56797 52942 47545 5 19 1 1
6.61 .63787 44 10194.6 11519.4 4153.92 13013.7 14906.3 3667.76 53713 52685 40606 9 10 1 1
4.13 .66559 60 12914.7 14379.4 6904.88 17075.7 19310.6 6590.19 56540 56540 47031 1 37 1 1
5.21 .44338 40 12140.5 13418.7 6828.23 10516.5 11718.1 5508.67 53456 54227 44975 2 32 1 1
1.81 .52334 73 13747.5 15892.3 8483.6 14035.6 16433.4 8352.48 64764 57568 44975 77 3 1 2
1.41 .27486 35 8727.85 10673.2 4562.68 5206.7 6466.36 2561.15 53199 50886 42919 2 4 2 39
1.99 .57293 90 9589.31 10589.4 6010.87 10847.3 12059.4 6532.77 44461 41891 31354 20 8 1 2
2.01 .53574 77 10701.7 11937.7 7810.75 11009.3 12452.4 7787.41 53713 55255 46003 13 1 1 2
1.24 .65006 127 10896.7 12335.1 3574.71 14422.6 16430.9 3971.89 59624 54998 52171 31 11 7 14
2.41 .52226 76 8858.86 10089.6 5933.03 8890.34 10298.7 5897.7 48830 50372 42662 8 69 2 1
1.66 .49691 63 10228 10281 6415.04 9769.47 9849.46 6011.84 60138 55769 47031 9 7 1 1
1.50 .53391 96 8899.37 9730.8 6702.3 9048.97 10010.9 6680.07 50372 49601 37265 5 15 5 1
1.45 .56866 84 9023.98 9860.14 6490.15 9297.66 10486.4 5715.21 53456 52942 39064 37 62 2 9
1.45 .50448 53 7145.97 7547.3 5176.82 6614.3 7101.42 4539.72 50115 46517 43176 57 4 2 23
1.50 .39141 21 10405.3 11110.5 7023.17 7620.29 8340.85 4645.7 60138 58339 47545 1 2 14 3
4.69 .60281 43 9210.9 11530.8 4659.5 10218.3 13368.3 3954.16 55512 49344 40092 3 2 1 1
2.01 .58175 56 8628.85 10343.1 5693.88 8519.28 11105.4 4692.11 57311 57825 52171 4 11 1 1
1.57 .57768 84 11292.5 12456.1 7912.92 12646.2 14076.8 8455.99 54998 57568 48573 17 11 1 101
2.35 .61801 81 10105.7 10759.5 6449.47 11888.7 12919.4 6003.98 55769 54998 45746 12 9 1 1
2.06 .64576 93 13379.6 15183.5 5419.32 17512.9 19995.5 5627.13 49858 53456 34952 12 9 2 2
1.84 .57307 84 12678.9 14488.1 6823.46 14193.1 16363.9 6503.67 52171 54998 41377 19 7 1 2
1.59 .62408 112 11708.9 12973.6 7248.77 14721.4 16412.6 8756.94 60395 62965 49344 11 92 117 1
1.15 .33473 73 7433.47 9098.6 4874.85 5049.02 6313.83 3240.27 50372 43690 39064 2 1 62 2
